2 	971511345 悠长的告别 	6 - 1 - 0 	0 	18.0 	1 	75.0 	6
3 	1712104537 Airhead 	6 - 1 - 0 	0 	18.0 	0 	68.0 	10
4 	3034368174 荒落 	6 - 1 - 0 	0 	18.0 	0 	66.0 	7
5 	3359691167 中国van 	6 - 1 - 0 	0 	18.0 	0 	66.0 	7
6 	2837577891 花月 	5 - 2 - 0 	0 	15.0 	3 	75.0 	4
7 	2985418881 格伦 	5 - 2 - 0 	0 	15.0 	3 	68.0 	7
8 	737157094 月饼 	5 - 2 - 0 	0 	15.0 	2 	78.0 	6
9 	1034998563 救援猫 	5 - 2 - 0 	0 	15.0 	2 	72.0 	3
10 	3263930874 加速 	5 - 2 - 0 	0 	15.0 	2 	70.0 	4
11 	836894028 YAO 	5 - 2 - 0 	0 	15.0 	1 	67.0 	5
12 	1959458660 suka 	5 - 2 - 0 	0 	15.0 	1 	66.0 	5
13 	312976627 枣铃 	5 - 2 - 0 	0 	15.0 	1 	66.0 	4
14 	3257856532 才颜双绝蔡文姬 	5 - 2 - 0 	0 	15.0 	1 	64.0 	5
15 	873144097 彧云 	5 - 2 - 0 	0 	15.0 	1 	62.0 	5
16 	810291055 S4帅哥 	5 - 2 - 0 	0 	15.0 	1 	61.0 	5
17 	1507680801 念 	5 - 2 - 0 	0 	15.0 	0 	60.0 	6
